m1 <- 0.198
m2 <- 0.198

